4085
404.157 228.918
383.182 226.871
219.083 210.862
356.564 224.275
420.354 230.498
308.308 219.567
380.636 226.623
425.281 230.979
334.087 222.082
-4.819 374.872
135.422 342.240
83.354 354.355
97.311 351.108
0.359 373.667
100.170 350.442
224.617 321.485
202.052 326.736
-86.281 393.827
172.144 333.695
55.310 360.881
43.943 363.526
-125.666 402.991
79.546 355.241
33.633 -276.404
6.287 -315.968
14.906 -303.498
-33.040 -372.866
12.086 -307.577
27.318 -285.540
51.698 -250.267
-3.223 -329.726
-35.254 -376.070
-30.778 -369.594
-31.062 -370.004
58.431 -240.526
-33.064 -372.901
58.148 -240.934
-254.233 165.291
-193.766 216.101
-184.264 224.085
-226.045 188.977
103.284 465.711
-1.798 377.410
-226.322 188.745
-184.145 224.185
-204.869 206.771
-229.245 186.288
-44.765 341.305
-269.505 152.458
83.360 448.968
-247.014 171.357
-178.706 228.756
-199.978 210.880
-75.995 315.063
-216.244 197.213
-86.545 306.198
52.909 423.381
-200.802 210.188
-222.409 192.032
-273.880 148.781
-188.261 220.726
-237.084 179.701
-128.415 271.015
-203.552 207.878
-199.245 211.497
-182.847 225.276
-56.411 331.519
-198.545 212.085
-31.459 352.487
-138.578 262.475
-199.553 211.238
-124.203 274.554
-171.825 234.538
-89.333 303.856
-108.307 287.912
-157.563 246.522
-230.879 184.915
45.734 417.351
91.590 455.884
-66.837 322.759
47.309 418.675
-64.566 324.667
-151.000 252.037
39.434 412.057
-218.176 195.589
-323.360 251.561
-274.593 190.700
-310.769 235.848
-267.721 182.124
-293.303 214.050
-298.685 220.767
-295.009 216.179
-353.672 289.390
-289.394 209.172
-302.700 225.778
-281.253 199.012
-358.762 295.743
-281.955 199.887
-197.489 173.179
-317.540 -64.413
-296.480 -22.734
-310.439 -50.361
-355.288 -139.120
-347.895 -124.488
-195.373 177.366
-211.231 145.983
-203.101 162.071
-228.303 112.195
-426.908 -280.864
-428.545 -284.103
-200.402 167.413
-230.010 108.817
-256.064 57.253
-272.765 24.201
-300.474 -30.638
-274.352 21.060
-263.583 42.372
-296.628 -23.026
-257.747 53.922
-290.099 -10.106
-400.786 -229.165
-345.788 -120.319
-375.960 -180.032
-381.803 -191.596
-243.772 81.580
-203.113 162.048
-365.648 -159.623
-322.390 -74.012
-337.173 -103.269
-204.046 160.201
-272.436 24.851
-315.216 -59.813
-225.436 117.870
-324.235 -77.664
-199.511 169.176
-262.888 43.749
-271.924 25.865
-268.403 32.833
-356.880 160.287
-326.030 244.290
-303.769 304.906
-387.278 77.512
-364.823 138.658
-331.252 230.072
-307.454 294.872
-437.456 -59.121
-339.239 208.321
-374.447 112.452
-331.646 228.997
-412.753 8.144
-331.375 229.736
-433.697 -48.884
-360.742 149.770
-305.807 299.357
-397.709 49.111
-372.434 117.934
-373.157 115.966
-415.522 0.605
-409.305 17.535
-425.427 -26.366
-318.274 265.410
-360.117 151.472
-2.305 211.883
-205.187 216.352
-278.445 217.966
46.318 210.812
135.486 208.848
63.271 210.439
-40.842 212.732
94.844 209.744
387.993 203.287
-72.034 213.419
14.375 211.516
-175.276 215.693
215.693 207.082
351.293 204.095
173.150 208.019
-207.983 216.414
-243.055 217.186
5.485 211.712
14.282 211.518
-261.637 217.596
-168.656 215.547
-204.865 216.345
85.410 209.951
370.324 203.676
-29.926 212.492
-208.661 216.429
-244.932 217.228
297.185 205.287
119.429 209.202
-33.998 212.581
-183.992 215.885
-211.179 216.484
-113.026 214.322
-200.604 216.251
73.139 210.222
-239.968 217.118
-180.971 215.819
42.535 210.896
312.801 204.943
-203.751 216.321
-17.949 212.228
-74.170 213.466
-65.753 213.281
-202.025 216.282
122.434 209.136
379.070 203.483
-16.585 212.198
-170.592 215.590
159.105 208.328
-134.595 214.797
148.195 208.568
-120.980 214.497
-266.477 217.702
-1.594 211.868
90.827 209.832
34.638 211.070
23.864 211.307
-151.000 215.159
183.649 207.787
-233.286 216.971
155.202 208.414
163.634 208.228
-324.342 -338.425
-317.504 -330.399
-302.153 -312.382
-276.485 -282.254
-228.855 -226.351
-285.500 -292.836
-339.446 -356.153
-247.101 -247.767
-302.924 -313.287
-389.171 -414.516
-357.259 -377.060
-273.462 -278.706
-398.802 -425.819
-282.022 -288.754
-289.757 -297.833
262.596 -81.346
145.050 48.770
29.792 176.354
183.565 6.137
224.248 -38.898
131.336 63.951
-21.013 232.593
132.414 62.758
441.323 -279.187
262.683 -81.443
212.908 -26.344
-12.320 222.969
237.730 -53.821
4.916 203.890
71.144 130.580
109.244 88.405
273.566 -93.490
398.519 -231.806
15.219 192.485
30.776 175.265
147.491 46.068
29.845 176.295
208.914 -21.924
89.992 109.717
128.973 66.566
179.066 11.116
161.279 30.806
67.216 134.927
-15.862 226.890
52.866 150.812
416.488 -251.696
48.735 155.385
120.391 76.066
26.151 180.384
184.336 5.283
109.335 88.305
243.240 -59.921
238.516 -54.691
370.128 -200.378
174.852 15.781
-5.632 215.566
270.642 -90.253
93.798 105.503
221.731 -36.111
12.784 195.181
-42.494 256.370
80.978 119.694
-30.480 243.072
-1.801 211.326
128.721 66.845
391.483 -224.016
32.347 173.526
115.047 81.981
186.125 3.303
358.353 -187.344
269.824 -89.347
72.172 129.442
275.889 -247.151
-29.076 -124.595
421.378 -305.619
383.010 -290.200
8.955 -139.879
237.464 -231.710
228.071 -227.935
142.661 -193.611
172.439 -205.578
224.161 -226.364
39.993 -152.352
0.123 -136.330
154.633 -198.423
7.105 -139.136
98.151 -175.724
476.929 -327.943
110.923 -180.857
23.711 -145.809
69.866 -164.357
196.076 -215.077
-20.041 -128.226
320.279 -264.991
212.503 -221.679
358.459 -280.334
95.819 -174.787
5.448 -138.470
282.482 -249.801
-32.338 -123.285
-36.439 -121.637
313.259 -262.169
200.871 -217.004
34.348 -150.084
-12.935 -131.082
1.025 -136.692
197.874 -215.800
104.354 -178.217
22.828 -145.454
99.993 -303.433
347.087 -404.077
207.313 -347.146
159.006 -327.470
282.908 -377.937
59.655 -287.003
224.592 -354.184
51.413 -283.646
289.494 -380.619
364.581 -411.203
85.322 -297.457
257.662 -367.653
28.514 -274.319
150.726 -324.097
228.764 -355.883
81.251 -295.799
216.767 -350.996
148.399 -323.149
171.503 -332.560
-247.356 200.767
93.275 326.662
60.993 314.731
-439.011 129.932
39.013 306.607
-17.319 285.787
-184.103 224.145
109.317 332.591
-394.623 146.337
-207.667 215.435
-237.367 204.459
-19.192 285.095
-255.377 197.802
-177.152 226.714
-204.950 216.440
-302.436 180.409
-56.365 271.356
-239.215 203.776
56.985 313.250
-325.795 171.776
-207.492 215.500
-234.473 205.528
-420.749 136.681
-306.821 178.789
240.164 380.952
-189.513 222.145
-213.413 213.312
-406.680 141.881
-312.561 176.667
-121.929 247.124
-199.878 218.314
-299.418 181.525
-213.135 213.414
-281.716 188.067
-182.723 224.655
-18.531 285.339
-204.227 216.707
-406.520 141.940
-428.563 133.793
-56.387 271.348
-118.002 248.575
-202.539 217.331
145.917 346.118
-94.414 257.293
-171.453 228.820
-30.078 281.071
-66.187 267.726
-385.277 149.791
-147.468 237.685
-247.879 200.573
-281.320 188.214
33.857 304.702
-15.933 286.299
40.503 307.158
-30.451 280.934
-151.000 236.379
98.389 328.552
-361.245 158.674
-227.120 208.246
97.820 9.810
-19.068 74.475
191.937 -42.257
9.963 58.414
233.737 -65.381
176.792 -33.878
-122.016 131.427
47.461 37.670
262.642 -81.372
-91.248 114.405
-225.781 188.831
222.915 -59.394
-100.041 119.270
-39.692 85.884
58.339 31.652
274.952 -88.182
344.696 -126.765
-410.035 290.763
-193.267 170.844
-231.893 192.213
111.550 2.214
108.818 3.726
-182.738 165.019
-258.215 206.774
-92.028 114.837
-135.694 138.993
94.036 11.903
-290.439 224.601
-81.361 108.936
181.920 -36.715
48.969 36.835
-267.300 211.800
95.958 10.840
-289.522 224.094
162.907 -26.197
-54.726 94.201
-213.450 182.009
-407.711 289.477
130.740 -8.402
12.459 57.033
-130.741 136.254
-60.771 97.545
-97.592 117.915
-229.288 190.771
-340.053 252.048
-84.959 110.926
-72.453 104.008
-212.787 181.643
6.446 60.360
-284.909 221.542
149.781 -18.935
-289.197 223.914
-169.434 157.659
351.549 -130.556
298.594 -101.261
-103.753 121.324
-159.243 152.021
112.560 1.656
241.321 -69.576
224.199 -60.104
33.107 45.610
-51.397 92.359
235.197 -66.189
-421.233 296.958
189.253 -40.772
423.429 -170.322
-20.572 75.306
-185.832 166.731
-102.664 120.721
277.370 -89.520
-174.736 160.592
233.537 -65.271
356.289 -133.179
-166.725 156.160
-111.248 125.470
27.355 48.792
-364.267 265.444
-249.193 201.783
-283.077 220.528
-47.958 90.457
40.316 41.622
24.819 50.195
81.984 18.571
244.234 -71.188
-80.686 108.563
-151.000 147.461
430.934 -174.474
-379.264 273.740
-205.454 177.586
384.881 -148.996
273.551 -87.407
-2.366 65.235
-98.559 -152.180
-66.829 -77.705
-38.631 -11.522
-91.328 -135.208
-88.508 -128.590
-74.559 -95.850
-117.049 -195.577
-119.804 -202.043
-143.400 -257.426
-39.218 -12.899
-55.205 -50.423
-151.870 -277.307
-43.089 -21.986
-83.017 -115.700
-94.653 -143.012
-46.626 -30.288
-104.983 -167.258
-116.735 -194.841
-116.870 -195.158
-68.456 -81.524
-88.874 -129.449
-62.707 -68.031
-130.692 -227.599
-97.691 -150.142
-140.287 -250.120
-59.048 -59.443
-98.017 -150.907
-147.964 -268.139
-151.000 -275.264
-51.114 -40.820
-86.544 -123.979
15.885 -384.321
109.710 -294.087
16.891 -383.353
-23.863 -422.547
38.170 -362.889
31.186 -369.606
140.235 44.798
35.909 -41.260
-49.264 -111.517
-315.985 -331.531
66.635 -15.914
-129.285 -177.525
-292.901 -312.490
-270.983 -294.410
-83.512 -139.768
104.793 15.562
103.804 14.747
30.276 -45.906
29.917 -46.202
122.107 29.844
-168.255 -209.671
-477.618 -464.860
-236.575 -266.028
-164.731 -206.764
-292.460 -312.126
71.032 -12.287
92.985 5.822
75.130 -8.907
7.260 -64.892
-17.186 -85.057
-171.978 -212.742
-184.372 -222.966
-63.561 -123.311
39.889 -37.976
-91.232 -146.136
-29.093 -94.879
-347.118 -357.213
-149.642 -194.317
-82.100 -138.603
132.132 38.114
-252.886 -279.482
-303.252 -321.028
-106.650 -158.854
163.226 63.763
-119.815 -169.713
100.537 12.051
-52.211 -113.948
-141.070 -187.246
-358.269 -366.411
-39.734 -103.656
-262.566 -287.467
75.473 -8.623
123.880 31.307
-216.362 -249.354
-431.043 -426.441
-68.280 -127.203
159.788 60.926
-43.662 -106.896
-160.772 -203.499
-95.224 -149.429
-269.847 -293.473
-144.210 -189.837
-25.548 -91.955
-96.621 -150.582
-192.300 -229.506
-159.956 -202.825
-142.502 -188.428
46.275 -32.708
62.015 -19.725
-45.000 -108.000
148.462 51.584
-151.000 -195.438
60.763 -20.757
-288.084 -308.517
-18.871 -86.447
-75.345 -133.031
96.954 316.394
54.841 228.582
68.077 256.182
57.504 234.136
67.006 253.949
16.090 147.784
-21.808 68.762
26.676 169.856
30.043 176.876
-35.403 40.415
29.731 176.225
7.336 129.530
8.940 132.874
96.374 315.185
-22.051 68.256
7.299 129.452
-33.234 44.939
31.379 179.662
44.948 207.954
-5.170 103.454
-21.973 68.419
-18.912 74.801
56.699 232.458
19.789 155.497
87.222 296.102
33.160 183.375
62.873 245.331
47.486 213.247
86.986 295.608
57.348 233.811
32.917 182.869
37.916 193.294
101.007 324.844
81.169 283.480
198.612 -80.840
171.758 74.377
171.282 77.131
188.994 -25.243
196.614 -69.288
167.230 100.553
211.351 -154.467
173.752 62.852
190.194 -32.181
169.578 86.978
181.665 17.117
203.850 -111.114
176.022 49.733
176.366 47.745
196.967 -71.329
185.686 -6.122
183.465 6.711
200.725 -93.048
191.805 -41.493
182.288 13.516
201.544 -97.787
175.977 49.990
167.851 96.964
165.513 110.474
166.241 106.265
170.976 78.900
205.557 -120.979
183.465 6.712
-77.355 -57.442
-20.883 17.487
-44.542 -13.904
1.176 46.756
-104.318 -93.218
-19.427 19.419
-23.697 13.753
-135.803 -134.992
-173.751 -185.342
28.331 82.785
2.618 48.669
-41.695 -10.127
-65.202 -41.316
-112.555 -104.146
-15.418 24.738
-122.610 -117.487
-49.344 -20.276
-133.502 -131.939
-0.740 44.213
-116.471 -109.343
-125.711 -121.601
24.544 77.761
-23.643 13.825
-168.441 -178.298
-85.568 -68.339
-20.190 18.407
14.616 64.588
-135.452 -134.527
-71.623 -49.836
-161.014 -168.443
-146.827 -149.619
-70.492 -48.336
-132.254 -130.283
-14.474 25.990
-27.782 8.333
26.674 80.587
-151.000 -155.156
-57.750 -31.429
-111.997 -103.405
-22.661 15.128
87.896 341.678
182.525 77.556
201.397 24.884
219.866 -26.665
122.691 244.561
230.561 -56.518
107.601 286.678
175.176 98.070
158.831 143.688
261.019 -141.528
185.177 70.154
216.649 -17.686
180.241 83.931
97.370 315.234
78.182 368.790
193.986 45.568
268.519 -162.462
187.304 64.218
129.981 224.213
141.409 192.317
107.407 287.221
151.903 163.026
206.265 11.295
253.329 -120.064
231.038 -57.849
242.747 -90.530
234.282 -66.901
228.937 -51.985
208.309 5.590
120.803 249.830
243.700 -93.191
197.646 35.353
234.928 -68.706
171.500 108.329
271.412 -170.537
173.811 101.879
131.928 218.778
139.639 197.256
73.015 383.212
101.996 302.322
68.573 395.610
181.017 81.765
150.428 167.142
265.573 -154.239
228.668 -51.235
282.267 -200.835
86.632 345.204
124.481 239.563
246.645 -101.409
142.294 189.846
-323.646 -126.370
-337.104 -148.328
-317.930 -117.044
-324.253 -127.360
-373.355 -207.474
-369.625 -201.388
-342.479 -157.097
-301.710 -90.580
-319.126 -118.994
-318.040 -117.224
131.954 62.622
172.425 -24.480
52.623 233.355
193.746 -70.367
105.343 119.893
250.030 -191.499
116.312 96.285
248.709 -188.657
141.442 42.201
68.310 199.594
178.883 -38.379
113.145 103.101
129.616 67.652
167.883 -14.706
217.841 -122.222
152.170 19.112
85.965 161.598
84.160 165.481
68.361 199.484
109.801 110.299
80.737 172.849
89.873 153.187
192.331 -67.320
117.813 93.054
203.339 -91.011
178.596 -37.761
278.233 -252.197
150.234 23.279
53.449 231.577
206.248 -97.274
120.369 87.554
98.574 134.461
247.583 -186.234
91.572 149.530
96.128 139.725
129.843 67.165
221.323 -129.717
119.231 90.004
120.320 87.659
256.492 -205.406
215.662 -117.533
92.692 147.119
-37.115 -134.904
-226.568 -377.856
-236.603 -390.724
60.359 -9.905
-176.650 -313.841
31.269 -47.210
31.059 -47.479
60.801 -9.338
-75.513 -184.144
-66.839 -173.021
-139.633 -266.371
-193.399 -335.320
66.452 -2.091
66.488 -2.045
12.718 -70.998
-6.111 -95.145
-150.812 -280.707
-36.369 -133.947
39.136 -37.121
-64.738 -170.327
-23.105 -116.938
-193.968 -336.050
-182.513 -321.359
-96.337 -210.849
-182.632 -321.513
-112.270 -231.281
-78.370 -187.808
-90.758 -203.695
-22.877 -116.645
-197.118 -340.089
63.907 -5.355
-274.872 -439.800
-261.911 -423.178
-27.657 -122.775
-32.708 -129.252
-117.586 -238.099
-34.830 -131.974
-276.775 -442.240
-186.085 -325.941
-139.261 -265.894
-13.068 -104.067
-38.842 -137.119
-143.824 -271.746
-227.015 -378.428
43.693 -31.277
-96.581 -211.162
-151.000 -280.948
-230.604 -383.031
-9.580 -99.594
-51.000 -152.709
195.607 449.563
157.760 456.183
215.571 446.071
95.840 467.013
398.000 240.000
407.198 223.444
422.530 195.846
470.411 109.661
-347.571 357.345
44.089 297.800
-234.736 18.524
-34.099 219.486
-230.733 22.534
-274.918 -21.722
-105.030 148.440
-357.136 -104.073
98.975 352.775
-366.861 -113.814
-166.235 87.136
-179.148 74.202
-10.445 243.178
-3.353 250.281
-72.551 180.971
206.982 460.956
-112.161 141.297
-125.662 127.775
-388.085 -135.072
-241.026 12.224
-33.387 220.198
-91.827 161.665
59.644 313.380
162.082 415.984
-112.992 140.465
-146.400 107.003
-185.275 68.066
-241.799 11.450
-66.943 186.589
-288.497 -35.323
-115.374 138.079
-252.303 0.929
-249.494 3.742
-97.256 156.227
-289.526 -36.354
-190.435 62.897
-61.112 192.430
-291.284 -38.115
-157.233 96.152
4.102 257.748
-152.925 100.468
-111.885 141.574
-366.572 -113.525
-380.909 -127.885
-187.622 65.715
-141.324 112.087
-50.023 203.536
-89.311 164.185
-50.548 203.010
-147.793 105.608
-325.020 -71.905
-32.290 221.298
-162.478 90.899
11.446 265.105
-114.716 138.739
-11.909 241.712
131.766 385.618
-347.419 -94.340
169.916 423.830
5.528 259.176
-270.162 -16.959
23.251 276.928
-312.044 -58.908
12.368 266.028
-167.568 85.801
39.661 293.365
-5.142 248.490
-151.000 102.396
88.614 342.397
-325.121 -72.007
-151.773 101.622
-216.412 36.878
-247.288 5.952
-223.668 29.610
-90.377 -32.374
-56.897 -96.822
-61.679 -87.618
-28.287 -151.897
-73.385 -65.083
-37.929 -133.337
-101.967 -10.063
-60.457 -89.971
-50.504 -109.129
-93.927 -25.541
-62.434 -86.164
-42.571 -124.401
-38.140 -132.931
-93.872 -25.646
-36.275 -136.520
-92.963 -27.396
-71.995 -67.759
-47.987 -113.975
-98.199 -17.317
-430.010 163.183
-437.298 136.261
172.708 74.657
212.497 86.407
19.341 29.365
69.602 44.208
232.446 92.299
-133.046 -15.637
-138.300 -17.188
87.599 49.523
87.937 49.623
-18.494 18.192
-25.751 16.049
208.986 85.371
48.461 37.965
192.374 80.465
125.509 60.718
24.872 30.999
-56.878 6.857
202.226 83.374
-103.099 -6.793
-13.889 19.552
-11.474 20.265
-56.722 6.903
-100.958 -6.161
-11.386 20.291
125.170 60.618
-134.948 -16.198
157.882 70.279
-164.326 -24.874
-138.499 -17.247
64.940 42.832
-12.892 19.847
-148.168 -20.103
-18.952 18.057
75.655 45.996
-145.706 -19.375
149.575 67.826
-94.027 -4.114
176.436 75.758
-198.637 -35.007
204.559 84.063
-155.121 -22.156
-78.572 0.450
-110.919 -9.102
-82.807 -0.801
-36.159 12.976
23.625 30.631
100.038 53.197
138.372 64.517
-151.000 -20.939
259.536 100.299
-79.984 0.033
261.312 100.823
-197.157 -34.570
-77.053 0.899
-27.651 15.488
404.665 -327.770
430.290 -293.808
431.657 -291.997
330.324 -426.294
338.948 -414.865
442.866 -277.141
395.103 -340.442
-274.675 -339.617
-269.350 -343.850
-266.546 -346.079
-202.152 -397.264
-255.929 -354.518
-163.448 -428.029
-250.096 -359.155
-171.738 -421.439
-179.201 -415.507
-226.743 -377.717
-244.743 -363.410
-151.000 -437.923
-220.697 -382.523
231.416 -27.197
78.820 237.545
245.153 -51.029
68.616 255.247
155.705 104.155
143.056 126.101
272.338 -98.193
-36.353 437.360
177.962 65.542
92.314 214.133
223.705 -13.819
164.823 88.336
35.784 312.208
-35.133 435.243
153.505 107.973
192.051 41.099
343.866 -222.289
182.374 57.888
106.092 190.230
53.444 281.570
112.657 178.839
-45.025 452.406
446.047 -399.565
364.923 -258.821
82.476 231.201
119.168 167.544
216.234 -0.858
316.358 -174.564
283.711 -117.924
248.097 -56.137
248.965 -57.644
340.777 -216.929
213.414 4.035
78.367 238.330
267.932 -90.549
193.906 37.879
186.737 50.317
148.561 116.549
148.596 116.489
77.595 239.670
118.303 169.045
-67.910 492.108
-22.760 413.778
53.885 280.804
36.349 311.228
170.363 78.725
97.582 204.993
-8.869 389.678
322.980 -186.054
40.330 304.322
292.254 -132.745
326.935 -192.915
267.835 -90.382
118.251 169.135
-275.116 424.296
-413.850 454.395
-307.385 431.297
-388.816 448.963
381.079 237.180
358.973 233.495
313.218 225.870
381.354 237.226
426.358 244.726
320.580 227.097
-230.636 21.264
-177.857 56.532
-78.429 122.971
-371.317 -72.741
-371.249 -72.696
-160.169 68.351
-172.769 59.931
-91.547 114.205
-105.305 105.012
-371.129 -72.615
-41.879 147.394
-85.233 118.424
-129.918 88.565
-442.688 -120.432
-174.832 58.553
-242.406 13.399
-305.416 -28.705
-93.292 113.039
-256.007 4.311
-250.937 7.699
-86.724 117.428
-296.835 -22.971
-65.271 131.763
-281.118 -12.469
-398.096 -90.635
-193.503 46.077
-290.463 -18.713
-152.708 73.337
-312.952 -33.740
-112.505 100.201
-149.835 75.256
-49.837 142.077
-84.244 119.085
-405.196 -95.379
-410.741 -99.085
-385.259 -82.057
-171.100 61.047
-109.310 102.336
-108.055 103.175
-137.092 83.771
-345.504 -55.492
-186.589 50.697
-160.976 67.812
-105.812 104.673
-433.220 -114.105
-371.821 -73.077
-270.782 -5.562
-379.357 -78.113
-149.249 75.648
-38.241 149.825
-151.000 74.478
-329.393 -44.727
-138.496 82.834
-208.925 35.772
-250.123 8.243
-218.683 29.251
300.099 -30.360
290.175 -29.903
295.181 -30.133
201.782 -25.832
163.822 -24.084
406.981 -35.282
238.092 -27.504
203.016 -25.889
203.349 -25.904
282.236 -29.537
331.005 -31.783
294.547 -30.104
217.869 -26.573
363.050 -33.259
410.840 -35.460
209.116 -26.170
353.519 -32.820
422.250 -35.985
395.000 -34.730
376.418 -33.874
355.440 362.883
371.808 282.636
386.179 212.176
362.502 328.259
368.825 297.260
381.283 236.182
345.573 411.261
38.701 231.129
-158.463 199.597
152.021 249.252
-200.387 192.892
-230.075 188.144
-1.121 224.760
7.622 226.158
-251.252 184.758
-156.730 199.874
-185.956 195.200
-33.137 219.640
-200.859 192.817
-182.601 195.737
-220.327 189.703
147.021 248.452
-22.996 221.262
-168.247 198.032
-231.273 187.953
-111.085 207.174
-209.331 191.462
85.796 238.660
-137.418 202.963
-177.160 196.607
27.418 229.324
-164.946 198.560
-179.134 196.291
70.647 236.238
-74.296 213.058
-67.121 214.205
-191.277 194.349
108.978 242.368
-30.231 220.105
-169.437 197.842
81.858 238.031
-131.739 203.871
17.311 227.708
182.670 254.153
-112.378 206.967
-233.748 187.557
-280.874 180.020
3.619 225.518
57.006 234.056
228.132 261.424
35.834 230.670
11.762 226.820
-151.000 200.790
154.136 249.590
-214.658 190.610
119.980 244.127
-230.108 14.405
-222.417 -85.579
-214.735 -185.440
-230.434 18.640
-221.674 -95.240
-225.971 -39.374
-230.387 18.037
-224.353 -60.414
-227.317 -21.885
-223.887 -66.472
-220.964 -104.472
-217.259 -152.632
-221.537 -97.015
-216.493 -162.589
-217.960 -143.522
-216.799 -158.610
-214.846 -184.002
-216.521 -162.228
-226.349 -34.459
-226.451 -33.139
-228.276 -9.416
-219.622 -121.911
-19.486 285.743
-62.428 284.857
-18.872 285.755
-52.172 285.069
-41.069 285.298
-100.303 284.076
-15.277 285.829
-33.969 285.444
143.321 -89.335
288.961 -34.550
296.073 -31.874
155.568 -84.728
81.122 -112.732
87.325 -110.399
111.084 -101.461
6.007 -140.988
134.054 -92.821
165.781 -80.886
57.850 -121.486
36.360 -129.570
33.047 -130.817
99.665 -105.757
168.616 -79.820
254.504 -47.511
195.215 -69.814
230.042 -56.713
223.607 -59.134
263.520 -44.120
7.827 -140.303
236.746 -54.191
311.837 -25.945
87.923 -110.174
296.776 -31.610
230.068 -56.703
364.896 -5.985
361.910 -7.109
19.677 -135.846
146.380 -88.184
232.284 -55.870
340.937 -14.998
85.744 -110.994
16.802 -136.927
366.176 -5.504
-86.210 130.421
-160.794 70.289
-173.000 60.448
8.132 206.483
14.308 211.462
-97.165 121.588
-110.509 110.830
-208.004 32.226
-17.827 185.554
-59.067 152.305
-93.222 124.768
-133.356 92.410
-175.076 58.774
-240.189 6.278
-218.958 23.395
-290.712 -34.456
-99.308 119.861
-249.733 -1.417
-248.094 -0.096
-89.525 127.748
-60.191 151.399
-288.123 -32.369
106.922 286.131
-193.965 43.545
-16.873 186.323
-291.144 -34.804
-153.301 76.329
31.019 224.935
-106.893 113.745
-150.267 78.776
-92.221 125.575
-171.957 61.289
-117.827 104.930
32.071 225.784
-104.120 115.981
-20.963 183.025
-139.069 87.804
95.114 276.611
-331.109 -67.026
-186.780 49.338
1.921 201.475
-161.120 70.026
58.433 247.038
-107.959 112.886
28.065 222.554
-270.114 -17.849
-8.892 192.757
-325.969 -62.881
49.236 239.622
-152.151 77.257
35.715 228.722
20.100 216.132
-151.000 78.185
-326.485 -63.297
-140.941 86.294
91.120 273.390
-204.431 35.107
-243.945 3.249
-212.268 28.789
-343.434 -134.344
-363.795 -142.548
-123.350 -45.660
-125.235 -46.420
-393.348 -154.457
-39.967 -12.061
-212.449 -81.563
-447.452 -176.258
-79.729 -28.083
-212.789 -81.700
-34.588 -9.893
-191.681 -73.194
-177.416 -67.446
-217.623 -83.648
-50.430 -16.277
-109.761 -40.184
-320.811 -125.228
-22.685 -5.097
-426.007 -167.617
-217.129 -83.449
-294.521 -114.634
-128.678 -47.807
-182.877 -69.646
-134.468 -50.140
-146.510 -54.993
-403.119 -158.394
-325.274 -127.026
-378.938 -148.650
-117.867 -43.451
-416.428 -163.757
-158.081 -59.655
-421.200 -165.680
-81.861 -28.942
-279.329 -108.512
-204.745 -78.458
-152.819 -57.535
-71.936 -24.942
-87.949 -31.395
-444.279 -174.980
-314.767 -122.792
-265.487 -102.935
-95.680 -34.510
-151.000 -56.802
-317.026 -123.702
-64.462 -21.931
-163.447 -61.817
-137.917 -51.530
130.450 112.047
41.941 139.706
47.784 137.880
211.228 86.804
-5.886 154.652
-3.631 153.947
151.940 105.331
206.136 88.395
65.418 132.369
34.280 142.100
41.780 139.756
106.992 119.378
121.265 114.917
44.219 138.994
166.277 100.851
186.483 94.536
85.758 126.013
-21.572 159.554
205.238 88.676
30.501 143.281
130.686 111.973
91.897 124.095
72.867 130.041
-286.885 -353.230
-332.985 -318.855
-279.707 -358.583
-291.796 -349.568
-206.305 -413.316
-304.072 -340.415
-274.153 -362.724
-365.053 -294.943
-255.472 -376.654
-196.873 -420.349
-232.795 -393.564
-253.389 -378.207
-245.870 -383.814
-280.315 -358.129
39.218 10.335
248.379 -189.919
-222.285 260.700
171.615 -116.423
-130.280 172.614
-151.304 192.743
60.180 -9.735
-70.586 115.462
122.416 -69.320
77.207 -26.037
-130.336 172.667
75.231 -24.145
137.837 -84.085
-17.535 64.671
100.004 -47.862
3.602 44.434
-109.668 152.880
-54.797 100.345
-230.186 268.265
-197.052 236.542
-91.670 135.648
-69.707 114.620
-194.367 233.971
0.626 47.283
183.444 -127.749
-166.116 206.924
-182.275 222.394
-96.072 139.863
13.717 34.750
171.215 -116.041
52.130 -2.028
300.383 -239.707
-32.410 78.912
-137.747 179.762
-96.621 140.389
157.199 -102.621
-225.121 263.415
306.558 -245.619
245.775 -187.425
-170.288 210.918
-121.330 164.045
-47.024 92.904
14.293 34.198
136.265 -82.579
23.316 25.560
64.879 -14.233
-72.099 116.911
-151.000 192.451
263.295 -204.199
-10.661 58.089
368.660 49.648
-250.782 -312.979
188.923 177.236
-87.472 -130.909
82.825 58.951
83.401 59.593
11.228 -20.871
9.243 -23.083
-31.127 -68.091
-154.796 -205.967
-181.695 -235.956
-161.786 -213.759
-257.383 -320.339
53.647 26.420
120.533 100.991
322.627 326.300
44.076 15.750
-10.468 -45.060
-33.233 -70.439
-169.116 -221.932
-236.295 -296.828
-76.216 -118.360
18.074 -13.239
-96.674 -141.168
-35.148 -72.574
-282.441 -348.276
-151.788 -202.614
-70.014 -111.446
114.694 94.481
173.502 160.044
-305.491 -373.973
-107.716 -153.479
126.882 108.069
-309.798 -378.774
-120.111 -167.297
66.870 41.163
-39.130 -77.014
108.973 88.103
-138.699 -188.021
-53.507 -93.043
-242.424 -303.662
32.982 3.383
72.160 47.060
296.823 297.532
-228.161 -287.760
-85.868 -129.121
112.966 92.555
-51.531 -90.839
152.011 136.085
-156.007 -207.317
-107.184 -152.886
137.911 120.365
-242.718 -303.989
139.278 121.888
-143.947 -193.872
202.012 191.830
-39.974 -77.955
-183.100 -237.523
-203.828 -260.632
-165.871 -218.314
76.556 51.962
168.353 154.304
-148.926 -199.422
255.365 251.312
15.773 -15.804
131.105 112.777
-17.386 -52.772
114.857 94.662
-151.000 -201.735
198.041 187.402
-281.945 -347.722
-31.527 -68.537
187.507 175.658
-83.478 -126.457
-18.153 -315.684
-320.777 -312.165
-290.805 -312.514
-107.796 -314.642
-247.674 -313.015
-44.377 -315.379
-180.556 -313.796
-258.979 -312.884
-302.886 -312.373
-165.874 -313.967
-102.045 -314.709
-123.226 -314.462
-230.543 -313.215
-235.962 -313.152
-20.787 -315.654
-218.557 -313.354
-136.110 -314.313
-94.418 -314.797
-202.237 -313.544
-215.516 -313.389
-148.087 -314.173
-151.000 -314.140
-287.452 -312.553
291.825 -23.584
234.918 -241.458
220.644 -296.104
342.586 170.757
348.067 191.743
212.504 -327.270
384.000 329.315
257.778 -153.934
219.129 -301.904
379.060 310.400
235.248 -240.195
225.345 -278.109
227.458 -270.020
278.071 -76.242
264.175 -129.443
270.977 -103.401
264.864 -126.808
292.323 -21.677
218.384 -304.760
224.146 -282.696
292.729 -20.124
274.522 -89.830
290.786 -27.563
262.350 -136.433
388.839 347.840
249.707 -184.835
304.775 25.996
258.694 -150.427
270.572 -104.952
243.744 -207.666
306.725 33.460
311.127 50.313
275.407 -86.441
-371.222 -72.951
-293.709 -244.202
-371.221 -72.954
-274.439 -286.775
-377.716 -58.603
-388.358 -35.093
-332.513 -158.471
-382.583 -47.851
-299.464 -231.487
-391.059 -29.125
-350.475 -118.787
-390.077 -31.295
-280.739 -272.855
-333.574 -156.127
-308.682 -211.122
-271.739 -292.740
-370.738 -74.021
-370.083 -75.467
-300.508 -229.179
161.370 -286.949
161.417 -286.136
159.491 -319.155
156.053 -378.084
159.285 -322.684
229.332 98.374
217.388 121.684
246.422 65.022
117.700 316.232
87.953 374.286
427.787 -288.924
223.212 110.318
150.150 252.904
409.226 -252.700
119.101 313.498
199.576 156.445
348.938 -135.044
386.605 -208.554
291.269 -22.499
379.661 -195.002
289.557 -19.158
147.955 257.188
323.059 -84.539
295.493 -30.744
355.320 -147.498
250.223 57.605
176.398 201.679
162.903 228.016
120.571 310.629
230.595 95.910
219.414 117.731
126.435 299.184
395.736 -226.374
374.289 -184.518
145.792 261.410
373.588 -183.150
192.137 170.963
313.796 -66.463
170.161 213.851
-393.363 134.527
-371.222 -72.957
-405.832 251.381
-420.011 384.244
-408.683 278.089
-407.913 270.880
-373.139 -54.991
-376.985 -18.945
-392.795 129.204
-378.906 -0.941
-375.875 -29.349
-376.613 -22.431
-420.949 393.041
-366.904 -113.416
-392.188 123.515
-390.870 111.165
-375.664 -31.329
-391.397 116.107
-371.146 -73.665
-417.037 356.376
-370.928 -75.708
-117.558 -63.596
-191.000 163.823
-236.497 304.711
-209.711 221.764
-158.237 62.371
-200.312 192.661
-207.756 215.710
-187.497 152.977
-149.574 35.543
-171.669 103.963
-155.288 53.240
-221.574 258.500
-209.003 219.573
-116.592 -66.586
-204.425 205.397
-178.875 126.276
-206.729 212.530
-138.265 0.524
-145.071 21.600
-142.152 12.562
-124.345 -42.578
-209.450 220.957
-126.116 -37.095
-156.475 56.914
-177.889 123.225
-191.447 165.209
-138.945 2.630
-246.373 335.291
-219.375 251.691
-250.366 347.655
-161.223 71.618
-257.047 368.344
-253.552 357.523
-146.220 25.157
-241.410 319.923
-183.811 141.563
-112.623 -78.877
-135.351 -8.497
-165.419 84.609
-151.061 40.150
-151.000 39.960
-187.020 151.500
-146.676 26.569
-125.037 -40.435
-145.847 24.003
-217.490 159.988
-306.161 358.376
-96.791 -110.059
-170.531 54.924
-236.746 203.070
-263.146 262.136
-261.452 258.345
-241.216 213.071
-170.313 54.436
-99.982 -102.919
-187.032 91.842
-167.269 47.624
-96.654 -110.366
-230.488 189.067
-73.382 -162.434
-116.456 -66.061
-219.124 163.642
-83.064 -140.770
-267.035 270.838
-185.699 88.860
-243.226 217.568
-131.919 -31.465
-150.154 9.332
-138.584 -16.553
-71.151 -167.425
-126.430 -43.746
-264.909 266.081
-131.130 -33.232
-173.581 61.748
-216.758 158.350
-142.291 -8.260
-88.159 -129.371
-81.028 -145.326
-319.194 387.535
-158.366 27.706
-321.733 393.217
-320.017 389.377
-165.659 44.023
-319.547 388.325
-80.371 -146.795
-227.059 181.396
-288.414 318.670
-111.750 -76.591
-141.412 -10.226
-96.756 -110.136
-189.851 98.149
-72.832 -163.664
-160.031 31.430
-151.000 11.226
-259.606 254.217
-158.649 28.339
-92.846 -118.885
-127.111 -42.222
-157.073 24.812
91.386 42.042
226.786 -225.396
103.562 17.992
24.925 173.315
142.262 -58.446
51.565 120.696
102.011 21.057
145.861 -65.556
145.449 -64.742
122.367 -19.151
53.929 116.026
-6.099 234.593
39.492 144.543
234.039 -239.722
251.634 -274.476
41.843 139.899
193.020 -158.703
20.985 181.097
111.267 2.773
77.104 70.253
171.363 -115.926
123.976 -22.328
248.767 -268.813
91.888 41.051
2.428 217.750
164.238 -101.854
41.304 140.963
217.118 -206.301
14.299 194.303
-8.997 240.316
63.663 96.799
-14.101 250.398
1.416 219.750
85.126 54.407
161.584 -96.610
31.537 160.255
92.783 39.283
219.946 -211.886
54.739 114.426
102.606 17.381
30.207 176.514
138.133 -60.708
56.206 119.370
-30.056 308.974
101.402 20.028
143.168 -71.775
136.869 -57.929
120.384 -21.696
56.235 119.306
1.174 240.331
43.828 146.576
44.327 145.480
28.601 180.046
-20.265 287.454
107.945 5.647
78.258 70.899
120.184 -21.256
91.829 41.069
10.457 219.926
-38.873 328.355
48.634 136.011
24.912 188.154
-14.665 275.145
4.018 234.079
65.418 99.120
-5.214 254.372
5.578 230.650
85.688 54.567
-21.580 290.344
32.254 172.015
92.708 39.138
1.105 240.483
57.409 116.725
-242.283 156.399
-135.422 171.869
-161.692 168.066
-311.682 146.352
-130.192 172.626
-346.964 141.244
-149.902 169.773
-196.483 163.029
-276.763 151.407
-74.403 180.703
-144.070 170.617
-254.768 154.591
-302.015 147.751
-102.784 176.594
-220.567 159.543
-312.198 146.277
-26.451 187.645
-283.307 150.460
-171.225 166.686
-161.217 168.135
-350.575 140.721
-147.050 170.186
-202.943 162.094
-84.694 179.213
-27.564 187.484
-177.291 165.808
-167.445 167.233
-123.814 173.550
-387.907 135.316
-205.673 161.699
-279.298 151.040
-151.000 169.614
-358.259 139.609
-195.289 163.202
-44.778 436.543
-57.034 435.354
89.164 449.531
-259.060 209.446
-271.784 249.678
-278.909 272.207
-270.603 245.945
-226.111 105.266
-214.909 69.847
-245.757 167.386
-232.529 125.560
-273.146 253.985
-262.468 220.224
-281.151 279.295
-216.152 73.776
-240.836 151.825
-259.696 211.456
-287.336 298.854
-231.088 121.002
33.835 -50.583
179.974 -242.652
21.543 -34.428
98.926 -136.131
-85.589 106.374
69.961 -98.063
166.609 -225.086
-137.611 174.746
48.303 -69.598
109.359 -149.843
-109.294 137.529
258.959 -346.461
65.484 -92.179
-16.597 15.699
-116.733 147.306
-74.113 91.291
153.891 -208.370
-74.118 91.298
-191.081 245.021
-82.688 102.562
208.702 -280.408
-75.329 92.890
-190.668 244.478
-14.599 13.073
245.725 -329.067
-161.622 206.304
-185.240 237.345
-101.360 127.101
-17.703 17.152
-113.163 142.615
116.235 -158.880
230.160 -308.610
-18.237 17.855
214.557 -288.104
-74.433 91.712
-140.799 178.935
-100.892 126.487
79.846 -111.054
235.773 -315.987
173.951 -234.736
-170.770 218.327
-117.071 147.751
78.817 -109.703
-56.486 68.125
-22.652 23.657
1.248 -7.755
250.843 -335.793
41.008 -60.011
3.586 -10.828
-84.462 104.893
-151.000 192.343
164.100 -221.788
89.144 -123.275
-33.730 38.217
-15.786 14.633
199.241 -235.550
20.172 -35.305
108.082 -133.611
-99.169 98.149
74.211 -95.734
143.123 -172.795
-177.979 186.280
49.313 -67.892
113.679 -139.869
-195.827 206.238
68.067 -88.863
-20.488 10.164
-132.208 135.096
-87.446 85.041
186.258 -221.032
-208.452 220.356
-73.786 69.764
-79.624 76.293
-201.784 212.900
-17.420 6.733
-200.711 211.699
-174.294 182.158
-108.863 108.990
-161.132 167.441
-23.722 13.781
-207.759 219.581
124.748 -152.247
-30.452 21.306
-100.518 99.658
-165.440 172.257
-106.932 106.830
87.195 -110.253
-198.649 209.394
189.408 -224.554
-167.955 175.071
-106.147 105.952
85.343 -108.182
-61.224 55.718
-30.541 21.406
-10.076 -1.479
41.472 -59.123
1.685 -14.631
-95.555 94.108
-151.000 156.110
183.810 -218.294
84.797 -107.571
-40.421 32.454
-25.083 15.303
175.276 -244.384
48.117 -291.256
169.586 -246.481
211.665 -230.970
210.478 -231.408
-1.105 -309.400
214.997 -229.742
25.833 -299.470
108.732 -268.913
-19.931 -316.340
139.012 -257.751
143.560 -256.075
109.795 -268.521
97.763 -272.956
-182.409 -164.779
67.721 -4.915
198.549 78.700
98.143 14.528
69.040 -4.072
-4.877 -51.314
198.620 78.745
-33.879 -69.850
-186.167 -167.181
-111.700 -119.587
-97.037 -110.216
31.275 -28.209
-116.764 -122.824
-186.970 -167.694
-35.590 -70.944
-133.992 -133.835
-58.508 -85.591
132.613 36.559
-114.131 -121.141
167.337 58.752
301.442 144.461
-124.922 -128.038
97.873 14.355
-37.387 -72.092
-191.676 -170.702
-61.061 -87.222
66.074 -5.968
124.229 31.200
-192.325 -171.117
-134.997 -134.477
165.112 57.330
-55.153 -83.447
180.036 66.868
-197.256 -174.268
-210.537 -182.756
-220.282 -188.985
205.808 83.339
-147.301 -142.340
310.368 150.166
-42.589 -75.417
-133.487 -133.512
221.350 93.272
-96.663 -109.977
34.471 -26.166
70.745 -2.983
-22.190 -62.379
151.010 48.317
-151.000 -144.705
251.081 112.275
-31.620 -68.406
250.429 111.858
-100.686 -112.548
-427.727 -281.089
-98.873 -190.574
-164.000 -208.500
123.605 -129.338
117.513 -131.015
76.468 -142.313
12.780 -159.842
52.814 -148.823
-172.565 -210.857
-176.651 -211.982
22.788 -157.088
121.076 -130.034
-55.605 -178.665
-9.774 -166.050
-152.492 -205.332
-370.093 -265.226
-106.116 -192.568
-243.953 -230.507
-300.076 -245.954
-100.281 -190.962
-116.658 -195.469
-77.240 -184.620
-116.256 -195.359
-367.930 -264.631
27.815 -155.704
-310.596 -248.850
-207.488 -220.470
-14.093 -167.239
-156.951 -206.560
-225.401 -225.400
-354.086 -260.820
-143.365 -202.820
37.416 -153.061
-203.827 -219.462
-258.334 -234.465
-161.903 -207.923
-152.357 -205.295
-84.279 -186.557
-151.000 -204.922
93.144 -137.723
-297.972 -245.375
29.704 -155.184
-28.216 -171.126
-291.998 218.857
-291.255 221.594
-303.658 175.908
-364.492 -48.170
-343.744 28.254
-331.525 73.262
-307.339 162.349
-353.520 -7.755
-310.226 151.716
-290.573 224.104
-354.754 -12.301
-320.483 113.935
-402.177 -186.977
-380.958 -108.821
-382.263 -113.626
-399.556 -177.323
-323.176 104.016
-315.705 131.535
-395.638 -162.893
-362.733 -41.689
-371.363 -73.477
-287.144 236.737
-284.490 246.512
-372.056 -76.030
-341.891 35.081
-336.580 54.642
-341.079 38.069
-4.362 155.575
-25.564 142.733
-76.779 111.711
-124.675 82.700
-170.722 54.808
-241.880 11.707
-234.995 15.877
-86.779 105.654
-83.987 107.345
-69.285 116.250
68.446 199.676
-194.542 40.380
34.658 179.210
-151.359 66.537
57.284 192.915
-118.108 86.677
-148.946 67.998
-40.284 133.817
-75.863 112.266
-163.819 58.989
-97.963 98.880
-111.983 90.387
8.310 163.251
-133.845 77.145
-187.434 44.686
37.440 180.895
-160.531 60.981
-103.432 95.567
-174.447 52.552
-28.727 140.817
88.255 211.674
-142.495 71.906
32.618 177.974
44.332 185.069
-78.553 110.636
-151.000 66.754
-134.287 76.878
-203.480 34.967
-213.529 28.880
242.589 135.194
265.304 147.372
306.096 169.242
379.413 208.548
425.458 233.234
287.160 159.089
215.391 120.613
237.011 132.204
232.663 129.872
-157.924 -222.931
101.737 -80.651
12.922 -129.317
151.019 -53.647
139.456 -59.983
47.777 -110.218
54.156 -106.723
24.460 -122.994
-167.219 -228.024
-200.902 -246.481
-12.540 -143.268
85.413 -89.596
-63.681 -171.291
-15.515 -144.899
-156.900 -222.370
-107.279 -195.180
159.143 -49.196
-251.971 -274.463
-302.452 -302.124
-100.213 -191.308
225.886 -12.624
-116.101 -200.014
166.627 -45.095
202.582 -25.393
-74.648 -177.300
202.923 -25.206
-110.837 -197.130
-361.310 -334.375
1.612 -135.514
-267.890 -283.186
179.530 -38.025
240.970 -4.359
-218.430 -256.085
37.906 -115.627
249.508 0.320
-23.024 -149.013
214.702 -18.752
-145.212 -215.965
-279.696 -289.655
-142.603 -214.536
12.940 -129.307
26.448 -121.905
-183.661 -237.034
-186.608 -238.648
-170.203 -229.659
-164.893 -226.750
117.349 -72.096
1.650 -135.493
-81.538 -181.075
206.735 -23.118
-151.000 -219.137
80.557 -92.257
-290.142 -295.379
11.842 -129.908
-42.423 -159.642
-167.822 -199.423
-157.380 -224.224
-178.038 -175.161
-168.821 -197.050
-178.712 -173.558
-139.156 -267.505
-133.630 -280.630
-163.016 -210.838
-159.908 -218.218
-132.571 -283.143
-151.000 -239.375
-253.467 -321.256
-191.650 -335.730
-186.540 -336.926
16.766 -384.527
-206.489 -332.255
-96.746 -357.950
-135.421 -348.895
-207.015 -332.132
35.700 -388.960
-239.460 -324.536
-35.036 -372.399
-113.821 -353.952
-25.844 -374.551
-209.145 -331.633
-224.127 -328.126
98.643 -403.698
-162.301 -342.601
-151.000 -345.247
-32.922 -372.893
-287.331 -313.327
5.376 133.892
-72.327 306.897
75.872 -23.063
120.873 -123.257
66.401 -1.976
182.916 -261.394
91.762 -58.443
29.201 80.849
-31.021 214.930
7.358 129.480
160.212 -210.843
126.866 -136.599
-101.601 372.074
257.098 -426.557
192.464 -282.652
22.351 96.099
-18.258 186.514
34.424 69.218
42.632 50.945
131.523 -146.968
199.642 -298.633
68.501 -6.653
198.883 -296.942
39.973 56.865
-28.521 209.363
-56.376 271.383
113.733 -107.360
-14.831 178.882
227.805 -361.338
171.630 -236.265
-34.441 222.544
-67.126 295.317
-51.592 260.731
37.546 62.267
-41.456 238.163
-14.485 178.112
46.080 43.267
-85.435 336.080
91.447 -57.742
222.093 -348.620
26.991 85.769
68.654 -6.993
-101.674 372.237
-12.861 174.497
165.052 -221.620
239.604 -387.606
25.451 89.197
145.194 93.945
-292.962 219.132
-166.595 183.027
-230.743 201.355
-410.839 252.811
198.578 78.692
-377.678 243.336
56.267 119.352
-96.750 163.072
12.456 131.870
-151.113 178.604
-223.326 199.236
-332.129 230.323
-99.312 163.804
-59.895 152.541
-208.123 194.892
35.358 125.326
-286.456 217.273
111.919 103.452
-328.861 229.389
-174.939 185.411
136.410 96.454
-87.546 160.442
-162.914 181.975
128.115 98.824
-160.796 181.370
-417.216 254.633
-146.688 177.339
-90.225 161.207
85.778 110.921
-188.844 189.384
172.197 86.229
228.665 70.096
-168.509 183.574
-123.039 170.582
76.375 113.607
-368.747 240.785
-256.817 208.805
-282.844 216.241
-27.756 143.359
184.422 82.737
29.507 126.998
124.385 99.890
106.876 104.892
-41.000 147.143
-151.000 178.571
-374.354 242.387
-220.103 198.315
59.414 118.453
394.183 329.816
197.422 320.149
-150.198 303.071
-137.289 303.705
-170.391 302.079
120.377 316.364
-37.613 308.602
-45.054 308.237
261.496 323.297
387.597 329.492
433.172 331.731
-171.605 302.019
-94.419 305.811
-140.891 303.528
233.940 321.943
135.000 317.082
36.741 312.255
-46.464 308.167
40.826 312.456
-51.502 307.920
-151.000 303.032
107.442 315.729
-55.208 437.948
-119.513 446.612
77.892 420.015
47.639 424.091
-164.413 452.662
-151.000 450.855
29.182 426.578
106.241 384.573
176.657 424.182
81.338 -13.837
33.620 -94.380
19.399 -118.384
56.128 -56.389
125.266 60.308
142.373 89.184
97.984 14.259
6.856 -139.555
83.143 -10.790
110.498 35.383
19.867 -117.593
135.394 77.404
159.379 117.888
156.830 113.586
156.006 112.195
12.932 -129.300
15.850 -124.375
129.223 66.988
64.255 -42.672
132.340 72.250
66.010 -39.709
12.239 -130.470
-264.239 260.559
-272.725 248.319
-315.470 186.668
-315.954 185.970
-277.913 240.837
-289.607 223.970
-348.567 138.933
-262.033 263.741
-283.245 233.147
-283.726 232.454
-356.387 127.653
-264.164 260.667
146.018 -65.194
100.822 -169.557
93.679 -186.050
94.135 -184.996
118.971 -127.648
42.893 -303.320
156.561 -40.851
188.515 32.934
157.966 -37.606
176.257 4.631
179.778 12.760
99.951 -171.567
64.111 -254.325
87.053 -201.350
160.155 -32.550
180.360 14.103
128.452 -105.755
191.392 39.578
191.234 39.212
87.088 -201.269
138.059 -83.573
179.410 11.911
71.057 -238.287
101.514 -167.959
77.658 -223.044
66.860 -247.977
-400.918 369.084
109.246 -35.996
5.160 46.650
-119.178 145.377
-59.618 98.085
-127.961 152.351
-210.301 217.731
-375.325 348.763
-87.478 120.207
386.177 -255.885
-71.536 107.549
-202.316 211.390
1.602 49.476
-269.304 264.580
169.977 -84.218
-203.125 212.033
-175.938 190.445
-100.073 130.207
-162.660 179.902
303.564 -190.288
17.488 36.862
190.819 -100.766
74.385 -8.316
338.636 -218.136
-37.376 80.425
-156.189 174.765
-99.813 130.001
188.814 -99.174
-197.915 207.896
274.959 -167.575
275.390 -167.917
-168.576 184.600
-115.737 142.645
-352.432 330.586
-286.202 277.998
-48.436 89.206
19.112 35.573
241.042 -140.645
23.704 31.926
69.844 -4.710
-77.147 112.004
-151.000 170.645
310.534 -195.823
-393.240 362.988
-263.895 260.285
213.411 -118.705
-9.983 58.674
49.731 -112.403
-37.809 -14.475
-155.257 116.911
-115.156 72.052
125.639 -197.319
-225.760 195.780
322.240 -417.251
-56.636 6.586
200.880 -281.489
-88.451 42.177
-212.882 181.374
-30.498 -22.653
-274.486 250.289
246.949 -333.026
-176.291 140.441
-245.519 217.885
-163.089 125.672
-121.314 78.940
-154.890 116.500
-49.940 -0.904
101.524 -170.342
223.044 -306.284
-83.089 36.179
209.395 -291.015
-154.545 116.114
-197.070 163.686
-116.987 74.100
51.307 -114.166
-150.995 112.143
235.107 -319.778
164.596 -240.899
-164.871 127.665
-89.902 43.801
52.747 -115.777
-285.357 262.450
-72.997 24.889
-61.889 12.463
-88.058 41.737
249.828 -336.246
26.968 -86.939
-12.432 -42.864
-116.592 73.658
-151.000 112.149
149.782 -224.327
102.465 -171.396
-190.202 156.003
-62.646 13.309
-67.136 18.333
-212.711 -81.951
-203.648 -68.513
-193.206 -53.029
-216.300 -87.273
-218.392 -90.375
-223.680 -98.215
-203.268 -67.948
-186.543 -43.149
-409.198 272.050
-441.721 -109.101
-419.320 153.423
-397.471 409.484
-431.292 13.121
-436.702 -50.276
-400.307 376.245
-413.776 218.393
-421.173 131.705
-446.787 -168.469
-450.056 -206.776
-434.022 -18.877
-403.098 343.537
34.417 -132.065
16.762 -154.730
75.899 -78.808
-24.209 -207.331
-5.195 -182.919
-116.089 -325.289
142.036 6.100
253.359 149.021
175.395 48.928
-102.834 -308.272
128.104 -11.785
157.529 25.991
165.485 36.205
-35.459 -221.773
20.434 -150.017
120.629 -21.382
154.423 22.003
48.085 -114.517
176.138 49.882
-5.941 -183.877
183.228 58.984
-74.847 -272.341
386.995 320.587
-132.712 -346.630
203.321 84.780
267.184 166.770
26.394 -142.365
45.852 -117.384
-102.459 -307.791
206.674 89.085
225.559 113.330
315.611 228.942
92.049 -58.075
162.973 32.981
238.556 130.016
76.589 -77.923
23.379 -146.235
235.893 126.597
-8.452 -187.101
-60.005 -46.050
-200.077 81.550
-164.342 48.996
91.308 -183.890
-264.730 140.446
-316.576 187.675
-36.547 -67.419
-101.499 -8.251
-236.380 114.620
-46.419 -58.427
-302.002 174.399
-188.891 71.360
-368.350 234.840
-283.026 157.112
-144.249 30.692
-142.111 28.745
-144.390 30.821
-86.863 -21.584
88.001 -180.878
-419.785 281.694
-180.479 63.697
-268.879 144.225
-133.369 20.781
18.674 -117.724
-84.341 -23.881
-159.462 44.551
-68.423 -38.382
-369.617 235.994
23.913 -122.496
-279.451 153.856
-89.742 -18.961
-109.367 -1.083
-59.552 -46.463
-262.488 138.404
13.414 -112.932
-28.414 -74.828
-152.788 38.471
-151.000 36.842
137.992 -226.418
-373.974 239.963
-24.673 -78.236
-138.376 25.343
-94.780 -14.371
-136.138 23.304
-173.577 -207.609
-251.095 41.298
-218.734 -62.612
-233.047 -16.652
-180.379 -185.766
-162.382 -243.556
-256.304 58.022
-215.325 -73.558
-202.096 -116.035
-143.580 -303.928
-210.027 -90.568
-184.322 -173.106
-265.558 87.736
-188.658 -159.183
-194.338 -140.947
-179.540 -188.462
-183.730 -175.009
-207.561 -98.489
-157.244 -260.053
-168.279 -224.620
-227.408 -34.761
-166.669 -229.789
-143.343 -304.687
-227.573 -34.230
-151.000 -280.102
-251.326 42.040
-237.665 -1.827
-204.360 -108.765
-248.001 31.363
90.923 168.652
-103.371 -107.738
-12.539 21.473
-115.066 -124.375
-47.267 -27.929
-271.387 -346.748
-141.143 -161.471
-7.965 27.980
91.496 169.466
92.712 171.196
-113.836 -122.626
84.584 159.634
-123.841 -136.858
26.090 76.424
-14.195 19.117
-155.863 -182.410
-79.150 -73.284
-241.577 -304.343
-15.605 17.111
17.214 63.797
154.388 258.932
-226.795 -283.315
-121.102 -132.962
61.750 127.152
-67.944 -57.343
121.319 211.890
-167.115 -198.417
207.174 334.023
-142.227 -163.014
73.264 143.530
-241.626 -304.412
81.560 155.331
-145.639 -167.867
127.388 220.524
-65.214 -53.459
246.755 390.328
-190.235 -231.306
222.903 356.397
-147.756 -170.879
-8.081 27.814
110.145 195.995
-55.892 -40.198
171.041 282.622
-23.460 5.938
26.452 76.938
74.910 145.871
-151.000 -175.493
150.972 254.072
-53.728 -37.120
133.993 229.919
-104.554 -109.421
49.834 110.200
-17.272 14.740
-120.730 144.152
-438.928 -106.897
-275.461 22.073
-260.488 33.887
-98.697 161.536
-323.486 -15.817
-266.458 29.177
-389.994 -68.290
-184.840 93.571
-59.774 192.245
-289.196 11.237
-160.527 112.754
-304.836 -1.103
11.625 248.577
-154.968 117.139
-117.848 146.426
-405.681 -80.667
-386.805 -65.774
-211.570 72.481
-155.788 116.493
-43.077 205.418
-87.382 170.463
-48.168 201.402
-153.868 118.007
-359.530 -44.255
-26.905 218.178
-163.736 110.222
25.651 259.643
-116.917 147.161
-2.681 237.290
-430.737 -100.435
-383.340 -63.040
50.623 279.345
-272.416 24.476
12.769 249.479
23.573 258.003
-183.499 94.629
38.207 269.549
1.204 240.355
-151.000 120.270
-332.773 -23.144
-159.957 113.203
70.095 294.708
-250.340 41.894
-271.297 25.359
-262.374 32.399
-74.112 91.291
-79.006 88.997
-75.968 90.421
45.075 147.160
91.644 168.989
-195.647 34.322
95.524 170.808
-149.280 56.056
81.002 164.001
-126.340 66.809
-147.580 56.853
-20.284 116.523
-58.867 98.437
-150.844 55.323
-73.694 91.487
-118.031 70.704
37.433 143.578
-128.325 65.879
131.184 187.524
-188.414 37.712
73.039 160.268
-159.887 51.084
-99.237 79.514
-168.685 46.960
132.880 188.319
-41.868 106.406
125.616 184.914
-130.110 65.042
30.315 140.242
66.185 157.055
-121.120 69.256
-151.000 55.250
-126.965 66.516
-196.479 33.932
-208.092 28.488
209.263 -230.030
-155.710 -87.265
-226.386 -59.619
-16.364 -141.772
304.287 -267.200
-125.046 -99.260
-289.082 -35.094
-73.555 -119.401
215.888 -232.622
-213.688 -64.586
-291.123 -34.296
-117.918 -102.048
-311.143 -26.465
-185.369 -75.663
-128.620 -97.862
-56.504 -126.071
-184.219 -76.113
86.533 -182.022
36.644 -162.507
273.195 -255.038
-165.399 -83.475
-56.807 -125.953
-28.993 -136.832
-38.616 -133.068
191.590 -223.117
-203.363 -68.625
-150.758 -89.202
54.242 -169.391
-32.211 -135.574
-268.744 -43.050
-121.010 -100.839
-263.563 -45.076
-96.846 -110.290
-4.121 -146.561
-54.439 -126.879
-245.856 -52.003
-151.000 -89.107
180.678 -218.849
107.699 -190.302
34.204 -161.553
-109.698 -105.263
-172.003 -80.892
-199.342 233.291
-82.082 100.329
-75.373 92.721
-195.957 229.453
-11.423 20.208
-177.472 208.491
-180.111 211.484
-102.745 123.758
-164.338 193.599
-11.696 20.517
-135.154 160.507
134.182 -144.896
-6.398 14.510
-74.502 91.733
-149.360 176.615
-101.993 122.906
102.189 -108.618
-224.135 261.403
198.913 -218.294
-169.545 199.504
-114.193 136.740
98.998 -105.000
-55.639 70.344
-16.111 25.523
24.698 -20.750
47.813 -46.961
8.059 -1.883
-85.348 104.031
-151.000 178.475
196.870 -215.978
77.261 -80.353
-30.079 41.362
-319.670 62.438
-287.539 108.059
-140.756 316.478
-366.627 -4.237
-189.873 246.736
-366.922 -4.657
-213.322 213.440
-284.945 111.743
-187.712 249.805
-272.320 129.669
-96.093 379.894
-380.809 -24.375
-297.690 93.647
-208.546 220.222
-389.555 -36.793
-295.829 96.289
-260.462 146.506
-165.826 280.881
-205.839 224.066
-382.084 -26.185
-156.928 293.515
-174.078 269.163
-136.793 322.105
-147.608 306.748
-429.471 -93.470
-177.643 264.101
-398.647 -49.702
-232.415 186.330
-74.117 411.098
-277.719 122.003
-113.030 355.845
-265.136 139.871
-101.575 372.110
-151.000 301.932
-341.353 31.649
-222.042 201.059
-326.237 53.113
-318.763 63.725
-337.037 37.778
-246.554 -4.321
-128.395 -112.204
-270.540 17.580
-87.122 -149.888
-336.894 78.164
-208.957 -38.648
-288.244 33.745
-113.141 -126.132
-294.705 39.644
-180.716 -64.433
-126.669 -113.780
-70.360 -165.193
-174.119 -70.456
-406.498 141.716
-384.044 121.214
-377.120 114.892
-164.186 -79.526
-107.308 -131.458
-89.452 -147.761
-200.264 -46.585
-150.580 -91.949
-389.555 126.246
-88.449 -148.677
-272.119 19.022
-126.137 -114.266
-216.593 -31.676
-108.551 -130.323
-72.582 -163.164
-220.901 -27.743
-151.000 -91.565
-350.596 90.675
-306.216 50.154
-167.211 -76.764
-288.860 34.307
-262.682 39.903
-306.853 161.017
-217.318 -84.483
-331.944 229.814
-285.354 102.068
-281.685 92.007
-204.072 -120.803
-274.877 73.342
-214.238 -92.927
-379.036 358.939
-185.088 -172.856
-281.801 92.325
-297.864 136.370
-189.306 -161.290
-196.634 -141.197
-179.337 -188.625
-184.248 -175.158
-208.854 -107.690
-408.294 439.162
-402.923 424.435
-357.840 300.819
-358.407 302.375
-275.107 73.971
-234.694 -36.840
-233.533 -40.023
-264.153 43.936
-251.559 9.404
-207.482 -111.453
-259.880 32.219
283.182 -422.831
-77.639 83.961
-151.452 355.882
-41.803 -48.056
-108.872 199.022
-94.103 144.614
-53.987 -3.171
-88.004 122.144
10.618 -241.173
9.326 -236.414
-23.267 -116.344
-63.139 30.542
-80.222 93.476
-105.981 188.371
-94.676 146.722
-21.697 -122.125
-123.294 252.150
-3.686 -188.478
-131.384 281.953
-130.341 278.110
-142.923 324.462
-136.695 301.517
-31.439 -86.238
-110.609 205.418
-18.889 -132.469
-66.338 42.327
-58.494 13.431
-47.729 -26.227
-62.303 27.464
-32.382 -82.764
-83.559 105.770
-151.000 354.218
12.646 -248.644
-39.186 -57.700
-2.825 -191.649
-59.254 16.231
-59.679 17.795
-366.757 -4.202
-309.433 -19.589
-348.090 -9.213
-393.326 2.929
-411.092 7.698
-334.378 -12.893
-186.030 -334.953
229.771 -277.497
-304.533 -351.328
421.434 -251.013
25.162 -305.770
-224.191 -340.226
-101.004 -323.204
-127.625 -326.883
346.865 -261.317
163.150 -286.703
-358.987 -358.853
-200.943 -337.014
234.534 -276.839
-245.171 -343.125
-24.549 -312.640
76.984 -298.609
-168.931 -332.590
-86.992 -321.268
-211.771 -338.510
-231.812 -341.280
-156.432 -330.863
-151.000 -330.113
-281.871 -348.197
126.247 -291.802
121.834 -292.412
-121.325 -84.876
-182.542 -321.472
-127.355 -108.183
-108.014 -33.431
-71.281 108.537
-147.286 -185.214
-111.813 -48.116
-189.039 -346.585
-89.532 37.999
-75.546 92.051
-134.134 -134.383
-98.216 4.435
-153.520 -209.309
-141.487 -162.800
-183.916 -326.782
-145.068 -176.643
-88.962 40.202
-103.565 -16.239
-164.920 -253.365
-134.795 -136.938
-98.869 1.912
-152.581 -205.678
-88.501 41.983
-68.111 120.788
-151.000 -199.568
-198.037 -381.361
-94.163 20.099
-123.676 -93.965
-105.463 -23.574
-94.117 20.276
-202.137 211.896
-291.440 -41.790
-188.102 251.769
-201.286 214.315
-321.839 -128.149
-368.345 -260.260
-352.475 -215.177
-247.628 82.670
-221.433 157.083
-331.613 -155.913
-175.543 287.445
-201.192 214.583
-307.096 -86.265
-355.846 -224.753
-366.806 -255.889
-170.614 301.446
-175.311 288.104
-160.177 331.096
-165.696 315.417
-182.319 268.194
-318.736 -119.334
-216.347 171.530
-271.840 13.888
-295.838 -54.285
-233.637 122.415
-132.007 411.121
-151.000 357.166
-318.026 -117.315
-211.302 185.861
-261.406 43.530
-268.576 23.159
-265.251 32.606
57.910 176.000
-101.860 -183.004
62.570 186.471
-92.923 -162.923
-114.661 -211.768
17.067 84.226
-11.150 20.822
-108.488 -197.898
-59.700 -88.271
-13.115 16.407
9.078 66.275
86.647 240.574
-77.473 -128.206
42.083 140.437
-56.411 -80.879
98.721 267.703
-124.068 -232.906
-85.692 -146.674
55.445 170.462
84.981 236.830
-50.544 -67.696
-86.368 -148.192
117.142 309.096
-8.032 27.828
77.283 219.533
114.674 303.551
-18.899 3.410
28.459 109.824
55.547 170.692
115.202 304.737
-43.425 -51.700
98.101 266.311
-78.489 -130.490
15.442 80.575
-13.963 14.502
-284.294 223.237
-372.711 -20.622
-323.084 116.251
-267.883 268.500
-404.748 -108.982
-402.175 -101.885
-387.277 -60.796
-422.761 -158.664
-327.117 105.129
-317.743 130.983
-425.474 -166.146
-376.384 -30.752
-386.950 -59.894
-281.338 231.390
-283.364 225.803
-395.194 -82.632
-345.095 55.544
-268.499 266.801
-351.168 38.796
90.883 171.449
100.565 140.152
154.677 -34.762
115.531 91.776
178.150 -110.637
240.435 -311.969
153.403 -30.642
230.305 -279.224
135.315 27.823
175.068 -100.673
115.904 90.570
102.793 132.949
209.332 -211.430
98.994 145.229
99.371 144.012
123.688 65.409
176.341 -104.788
248.174 -336.984
117.253 86.210
114.494 95.127
210.018 -213.646
271.914 -413.723
97.207 151.007
-239.571 -206.483
-219.384 -95.809
-230.716 -157.939
-198.500 18.680
-255.394 -293.233
-189.808 66.333
-179.350 123.670
-228.292 -144.648
-229.049 -148.796
-236.618 -190.294
-256.390 -298.689
-236.712 -190.807
-177.197 135.471
-207.196 -28.995
-184.542 95.207
-203.965 -11.280
-176.889 137.163
-195.738 33.822
-206.793 -26.781
-224.988 -126.533
-196.859 27.679
-179.575 208.782
72.851 173.938
-197.533 211.261
-80.917 195.163
-79.839 195.015
-28.150 187.880
-199.711 211.561
140.464 164.605
42.128 178.179
-170.064 207.469
-131.280 202.115
117.357 167.794
-369.790 235.039
-102.260 198.109
-270.404 221.320
-283.216 223.088
-11.626 185.599
157.196 162.295
32.710 179.479
50.622 177.006
-2.708 184.368
-151.000 204.837
222.091 153.337
-373.279 235.520
-232.679 216.112
207.540 155.346
116.786 167.873
-286.619 72.162
-305.615 -376.891
-286.145 83.371
-295.457 -136.774
-300.540 -256.934
-285.719 93.432
-283.741 140.198
-296.103 -152.041
-293.772 -96.940
-298.478 -208.173
-301.566 -281.178
-295.573 -139.517
-281.539 192.251
-291.921 -53.167
-299.609 -234.921
-287.666 47.412
-288.027 38.881
-288.222 34.261
-143.295 25.886
-103.705 -173.705
-144.577 32.344
-92.816 -228.598
-129.178 -45.285
-176.705 194.315
-98.241 -201.248
-131.648 -32.832
-149.033 54.811
-161.621 118.270
-171.978 170.486
-138.785 3.150
-111.983 -131.968
-198.217 302.761
-166.806 144.409
-85.895 -263.490
-107.799 -153.063
-201.506 319.345
-165.547 138.066
-204.407 333.969
-142.419 21.469
-193.260 277.772
-119.133 -95.925
-136.415 -8.800
-111.357 -135.125
-153.650 78.087
-96.362 -210.723
-146.923 44.173
-151.000 64.727
-160.873 114.499
-143.333 26.075
-118.728 -97.964
-129.395 -44.189
-142.880 23.790
339.547 -151.186
357.113 -120.993
407.877 -33.743
442.892 26.439
402.738 -42.576
-284.251 81.685
-281.618 92.274
-277.092 110.476
-292.592 48.140
-293.745 43.503
-295.906 34.815
256.322 -49.728
266.994 -62.738
376.808 -196.611
211.823 4.519
30.641 225.396
-42.945 315.102
288.011 -88.360
172.718 52.192
198.903 20.271
108.006 131.081
94.051 148.094
-8.096 272.619
36.150 218.679
98.425 142.761
3.628 258.327
12.170 247.912
154.634 74.238
-24.139 292.177
405.795 -231.948
35.175 219.868
127.963 106.751
367.828 -185.663
371.341 -189.945
283.137 -82.418
93.957 148.208
-390.316 -28.780
-383.048 -25.413
-420.238 -42.647
-411.428 -38.564
-143.673 24.974
-185.960 -77.088
-99.528 131.521
-220.801 -161.180
-158.918 -11.820
-133.168 50.329
-111.362 102.961
-98.823 133.224
-213.273 -143.011
-127.458 64.110
-219.004 -156.844
-232.353 -189.062
-214.100 -145.007
-156.218 -5.304
-107.684 111.836
-144.349 23.342
-234.041 -193.135
-160.516 -15.676
-127.639 63.673
-128.163 62.410
-151.000 7.290
-126.647 66.067
-143.224 26.059
-175.572 -52.017
-196.156 -101.697
-144.127 23.879
281.703 39.364
303.042 152.982
286.085 62.695
288.137 73.623
15.052 -400.603
20.575 -348.793
22.069 -334.783
10.532 -443.009
18.286 -370.267
-105.470 -286.767
-114.925 -291.025
-355.157 -399.200
-206.728 -332.363
-247.506 -350.725
-414.967 -426.131
-189.514 -324.612
-136.979 -300.955
-119.392 -293.036
-209.983 -333.829
-233.698 -344.507
-142.785 -303.570
-151.000 -307.269
-279.237 -365.013
-107.513 -270.095
-134.685 -48.369
-163.066 183.217
-116.689 -195.217
-137.104 -28.628
-147.269 54.313
-154.854 116.208
-161.842 173.232
-140.368 -2.000
-124.276 -133.308
-155.477 121.289
-110.764 -243.565
-121.374 -156.987
-92.600 -391.781
-90.499 -408.932
-96.409 -360.701
-143.355 22.377
-102.945 -307.367
-126.495 -115.202
-139.429 -9.660
-121.852 -153.087
-149.930 76.025
-111.161 -240.323
-146.122 44.952
-151.000 84.760
-94.528 -376.053
-153.338 103.837
-143.817 26.147
-129.694 -89.101
-134.643 -48.710
-143.534 23.837
269.028 -133.639
50.476 55.339
211.960 -84.294
148.219 -29.178
355.652 -208.541
53.463 52.755
224.651 -95.267
257.012 -123.249
294.280 -155.474
39.490 64.837
-33.605 128.042
59.883 47.205
341.542 -196.340
26.404 76.153
85.406 25.135
342.528 -197.193
-47.918 140.418
335.769 -191.348
237.349 -106.247
18.372 83.098
204.077 -27.099
237.070 -64.729
224.895 -50.843
163.431 19.259
260.426 -91.367
230.098 -56.777
256.337 -86.703
262.154 -93.338
-302.904 98.288
-334.526 126.435
-275.083 73.524
-359.706 148.848
-84.698 -205.676
-46.672 -98.309
-146.669 -380.653
-161.041 -421.232
-56.449 -125.914
-47.175 -99.728
-100.912 -251.458
-61.305 -139.626
-156.844 -409.382
-134.389 -345.980
-39.594 -78.323
-62.358 -142.598
-116.523 -295.536
-62.500 -143.000
-151.000 -392.882
-145.974 -378.691
-62.614 -143.322
230.255 -70.039
217.232 -48.678
325.170 -225.730
178.639 14.627
244.328 -93.122
245.776 -95.498
285.761 -161.086
289.758 -167.642
183.463 6.715
307.289 -196.398
248.721 -100.329
-121.250 -40.844
-17.048 17.519
48.541 54.255
-158.755 -61.851
114.759 91.344
-85.767 -20.971
-263.996 -120.796
-206.141 -88.392
-152.757 -58.491
-74.607 -14.720
-93.961 -25.560
-264.500 -121.078
-91.800 -24.350
11.109 33.289
-30.630 9.912
24.236 40.642
122.062 95.434
116.629 92.391
-151.000 -57.507
-70.990 -12.694
-161.502 -63.390
-133.436 -47.669
-21.469 15.042
-431.140 401.332
-36.342 80.110
-153.555 175.478
-99.382 131.402
-200.911 214.009
-168.789 187.873
-116.422 145.266
-351.371 336.429
-286.510 283.656
-48.219 89.774
-76.415 112.715
-151.000 173.400
-394.587 371.591
-272.158 271.979
14.538 -238.118
74.320 -191.538
246.909 -57.063
293.870 -20.472
193.520 -98.661
287.563 -25.386
234.218 -66.951
-52.433 -290.300
367.814 37.143
332.724 9.802
75.841 -190.353
181.785 -107.805
238.392 -63.699
326.727 5.129
102.058 -169.925
62.114 -201.048
343.104 17.890
34.969 -222.199
-405.012 -100.957
-402.575 -174.895
-402.944 -163.689
-405.519 -85.578
-382.775 -108.227
197.264 -297.855
-192.150 -170.547
-260.597 -148.170
-208.621 -165.162
-180.956 -174.207
236.693 -310.746
117.644 -271.826
-216.568 -162.564
-144.450 -186.141
-300.682 -135.066
-263.071 -147.361
-152.571 -183.486
-141.692 -187.043
277.259 -324.008
-92.554 -203.107
-151.000 -184.000
34.748 -244.725
-316.032 -130.047
110.474 -269.482
81.915 -260.145
-252.992 -150.656
-374.289 -197.638
-405.118 127.169
-403.280 107.802
-352.715 -424.930
-377.771 -160.945
-391.260 -18.834
-371.291 -229.217
-368.834 -255.103
-399.720 70.296
-387.400 -59.502
-427.815 366.304
-385.468 -79.857
-146.358 -21.498
-16.500 -121.558
-48.597 -96.826
-191.814 13.528
-155.629 -14.354
87.630 -201.794
-6.182 -129.508
-103.362 -54.627
-155.697 -14.302
-76.443 -75.370
1.631 -135.529
-41.967 -101.935
-184.357 7.782
-151.000 -17.921
123.030 -229.071
32.768 -159.521
-123.500 -39.111
-234.904 -309.708
-414.892 -164.992
-344.606 -221.504
-122.604 -400.001
-102.041 -416.535
-241.365 -304.513
-438.950 -145.648
-208.790 -330.705
-220.250 -321.491
-151.000 -377.170
-148.920 -378.842
-295.531 -260.962
-369.232 117.029
-125.000 48.021
-118.702 46.241
228.057 -51.736
-160.338 58.006
-88.295 37.650
-390.155 122.941
-276.016 90.691
-70.089 32.505
-30.673 21.369
-72.764 33.261
22.149 6.444
68.788 -6.734
13.451 8.901
229.343 -52.100
-138.919 51.954
-151.000 55.367
-354.052 112.740
-111.124 44.100
-47.704 26.181
303.461 -237.971
56.248 -377.373
359.571 -206.331
352.685 -210.214
409.247 -178.319
73.908 -367.415
156.798 -320.674
-108.398 102.058
269.133 -12.937
-152.659 115.540
204.360 6.793
-164.313 119.089
-104.846 100.976
34.680 58.477
-50.287 84.358
65.977 48.944
25.496 61.274
93.456 40.574
176.871 15.166
-92.393 97.183
-151.000 115.034
-164.063 119.013
1.516 68.579
-79.691 195.496
-50.953 203.284
-178.692 168.666
107.425 246.205
-17.055 212.470
-167.732 171.636
79.958 238.761
-126.252 182.877
25.208 223.923
194.507 269.804
-392.369 110.759
-94.645 191.443
-205.384 161.433
-278.782 141.542
0.447 217.213
58.541 232.957
200.898 271.536
-271.642 143.476
35.594 226.738
15.974 221.421
-151.000 176.171
148.641 257.374
-355.314 120.801
-195.862 164.013
115.715 248.451
-269.812 -423.331
-182.665 -139.674
-72.771 218.021
-122.909 54.826
-194.076 -176.816
-194.475 -178.114
-275.516 -441.895
-234.166 -307.304
-65.799 240.713
-153.625 -45.152
-50.936 289.091
-106.631 107.807
-58.615 264.097
-135.285 14.545
-206.470 -217.159
-143.037 -10.690
-45.326 307.352
-258.788 -387.448
-121.275 60.145
-46.946 302.079
-117.349 72.922
-151.000 -36.608
-257.861 -384.429
-270.006 -423.961
-121.635 58.974
-132.245 24.436
-159.681 -64.862
-161.943 -72.226
-132.670 23.054
-203.057 -422.043
-243.972 -422.832
-279.868 -423.525
-151.000 -421.039
-270.104 -423.336
-35.464 -123.626
244.793 -93.071
-233.515 -145.218
-213.828 -143.071
-147.722 -135.864
2.788 -119.455
-443.022 -168.059
67.011 -112.454
-282.857 -150.597
-263.013 -148.434
-133.806 -134.347
-109.344 -131.680
169.926 -101.234
10.448 -118.620
-53.813 -125.626
260.010 -91.412
-151.000 -136.222
85.588 -110.428
-312.311 -153.808
4.336 -119.287
-80.858 -128.575
267.403 -90.606
-248.586 -146.861
-267.252 349.395
190.970 39.863
-146.609 267.900
-175.255 287.250
78.210 116.033
-301.517 372.541
-290.956 365.407
-14.322 178.539
144.403 71.319
30.793 148.064
118.583 88.761
120.438 87.507
-11.007 176.300
-151.000 270.866
66.101 124.213
-31.802 -131.099
-272.757 360.628
-165.831 142.419
-281.062 377.578
-276.662 368.598
-74.049 -44.885
-261.374 337.399
-29.876 -135.029
-292.935 401.808
-88.433 -15.531
-97.212 2.385
-67.016 -59.237
-127.096 63.371
-44.051 -106.102
-127.121 63.422
-151.000 112.154
-132.419 74.235
-1.677 -192.577
-90.716 -10.871
-106.413 21.162
161.849 111.788
275.159 -168.069
163.424 107.898
116.059 224.880
131.566 186.581
87.355 295.774
174.731 79.972
134.947 178.231
270.713 -157.088
226.975 -49.064
288.013 -199.816
100.108 264.277
247.904 -100.754
133.360 182.150
-192.991 -177.685
11.653 -341.644
-216.092 -159.177
-142.361 -218.250
-412.780 -1.592
-264.539 -120.361
-160.344 -203.842
-333.574 -65.051
-154.325 -208.664
-112.205 -242.410
-151.000 -211.328
45.628 -368.865
-325.154 -71.797
-240.335 -139.753
238.411 327.855
183.381 338.721
-219.782 -185.428
-145.886 -164.071
-237.130 -190.442
-260.363 -197.157
-145.066 -163.834
-124.691 -157.945
-60.730 -139.459
-151.000 -165.549
-303.567 -209.644
-65.637 -140.878
-44.423 -378.582
-248.416 -434.470
-151.000 -407.781
364.710 -8.731
365.008 -4.320
362.519 -41.107
230.716 -344.773
225.232 -375.989
148.382 116.613
93.517 136.273
135.510 121.225
78.083 141.804
84.043 139.668
142.750 -255.289
-31.208 -369.877
282.182 -163.444
204.476 -214.629
-36.029 -373.053
113.882 -274.305
105.920 -279.549
-133.539 279.964
-119.248 293.156
-151.000 263.846
-222.303 -203.362
-197.399 -26.199
-193.930 -1.524
-189.099 32.841
-198.431 -33.540
-209.645 -113.317
-189.895 27.177
-204.278 -318.889
-216.061 -314.322
-159.184 -336.368
-151.000 -339.541
-291.771 -284.975
-176.397 304.796
-343.333 401.522
-333.643 395.907
99.896 144.707
-317.571 386.595
-52.710 233.130
-291.279 371.361
-4.207 205.026
199.449 87.024
32.955 183.494
136.650 123.411
55.958 170.165
-151.000 290.081
316.992 18.917
420.561 -41.093
375.558 -15.017
393.111 -25.187
93.915 148.172
-178.569 338.168
-177.455 321.052
-159.008 37.568
-173.514 260.486
-138.582 -276.314
-145.780 -165.704
-155.634 -14.283
-144.121 -191.199
-161.944 82.683
-137.497 -292.994
-158.693 32.731
-151.000 -85.490
-164.332 119.395
-158.405 28.303
-151.935 -71.123
-152.398 -64.004
-158.183 24.892
-353.577 405.461
150.512 211.632
-327.800 395.549
15.391 263.588
-291.843 381.723
17.802 262.661
16.221 263.269
37.329 255.153
-30.763 281.335
-151.000 327.567
192.271 195.575
152.954 210.693
162.316 207.093
-80.099 6.292
-80.336 7.199
-89.584 42.583
-101.532 88.298
-77.571 -3.381
-78.389 -0.252
-83.555 19.516
-321.634 390.152
-22.341 246.712
-291.516 375.718
6.444 232.916
35.132 219.167
7.344 232.485
-151.000 308.373
9.405 -125.877
-92.722 -26.763
-116.952 -3.247
-64.210 -54.434
7.585 -124.111
-33.243 -84.487
-156.360 34.998
-151.000 29.796
116.863 -230.165
8.094 -124.604
-147.854 26.744
-100.454 -19.259
-144.965 23.940
286.903 391.972
278.959 381.468
128.657 182.736
196.931 273.009
88.043 129.035
166.246 232.437
151.170 212.502
118.596 169.432
304.012 392.673
63.693 382.830
45.075 382.068
60.170 382.686
-418.394 -32.495
-357.679 301.704
-371.623 224.949
-290.835 363.190
-151.000 240.777
6.285 -126.603
-62.291 -142.582
84.989 -108.265
9.051 -125.959
-63.252 -142.806
-184.661 -236.163
-261.902 -168.857
-175.676 -243.992
-369.326 -75.251
-175.207 -244.401
-132.017 -282.035
-151.000 -265.494
-28.034 -372.643
-317.548 -120.369
-283.791 233.649
-388.019 329.649
-172.888 131.503
77.508 419.009
47.233 417.430
36.053 416.846
18.726 265.079
15.628 263.694
109.249 305.566
38.473 273.911
-8.562 252.875
113.329 307.390
74.649 290.091
-268.556 -46.501
-267.132 -72.686
-273.549 45.325
-272.517 26.345
-262.449 -158.802
-272.888 33.156
-79.681 7.386
17.645 262.249
-177.014 -247.494
-70.318 31.906
41.588 324.947
6.629 233.401
-17.639 169.853
-151.000 -179.373
62.420 379.499
-228.736 -382.935
-81.610 2.335
-119.633 -97.233
-84.661 -5.655
-75.277 18.919
-44.292 17.483
24.012 36.971
103.386 59.616
135.130 68.673
-228.416 -35.049
-151.000 -12.961
257.263 103.519
-326.525 -63.040
-84.257 6.081
258.348 103.828
-204.874 -28.332
-64.491 11.720
-46.520 16.847
36.919 248.444
-58.318 316.657
131.596 180.631
-151.000 -202.972
-256.998 -384.385
-272.144 -410.306
-53.928 -36.838
-98.974 -113.932
116.524 302.864
53.234 -36.565
4.282 -9.436
342.107 -196.653
-127.145 63.399
-151.000 76.619
333.318 -191.783
67.297 -44.358
-123.227 61.228
-52.512 22.038
-42.641 16.568
202.298 -357.452
33.870 198.481
46.310 402.317
27.297 90.787
118.934 89.435
61.011 -21.651
7.653 -123.981
-151.000 -320.000
-27.862 -73.724
-62.647 -143.295
-151.000 435.468
337.701 -191.006
261.698 -93.576
81.474 137.456
-151.000 40.209
-125.732 64.772
-162.608 28.925
-213.955 -20.991
-166.165 25.467
-151.000 -378.949
-151.000 100.528
-151.000 27.209
-151.000 -71.879
-151.000 -62.800
-151.000 24.375
86.495 -235.549
373.064 -184.735
57.784 -240.640
253.760 108.480
175.886 218.783
-342.373 38.162
133.131 -301.543
-79.255 -0.998
-94.298 20.289
415.719 -55.738
388.140 -27.774
159.174 204.386
-301.023 49.386
-113.602 21.680
-156.437 -67.483
-281.733 33.793
-57.611 17.646
