200
446 233 200 209
-130 404 231 320
74 -218 -114 -490
-276 147 131 489
-254 165 -379 321
-190 188 -477 -380
-451 -96 -303 307
401 203 -280 218
-439 -473 -226 -223
480 -322 -53 268
-43 -119 492 -334
13 -268 396 -424
243 382 -474 117
-443 309 459 -190
-35 -3 -156 -287
115 -289 -94 -490
172 71 -479 -466
103 329 -38 35
163 125 213 -164
-175 -187 30 85
67 400 292 -228
-294 -78 -389 -233
50 239 280 -256
79 14 -307 -481
-7 485 256 439
488 78 393 249
-369 383 -298 298
-396 -143 223 477
-102 -10 -22 -164
-426 178 -462 45
289 109 -202 -36
489 -216 323 -436
-127 -457 -283 -333
478 -455 -69 494
-200 408 -495 472
290 222 482 254
-29 156 -460 -132
162 -24 466 -38
334 468 406 115
263 267 -281 180
-214 -195 -231 26
-7 286 -104 284
426 17 -2 -144
108 287 -341 -75
-489 -193 -15 -2
217 85 -23 160
-369 -292 -196 -421
308 -247 -279 315
395 69 346 33
-310 -379 369 378
9 -316 -335 -312
415 448 205 -356
-397 -16 -268 -301
163 -259 156 -379
84 382 435 -303
-425 431 -363 -150
-110 -87 -286 458
-70 -170 -327 405
260 -291 -22 266
146 -78 -56 366
-24 188 -397 134
-71 434 424 482
-208 48 -313 380
-239 308 286 -382
-260 278 222 -261
236 -222 -38 -323
368 187 -225 -192
143 -124 -471 -293
-283 252 -482 -481
102 220 -248 8
453 248 190 107
-388 -349 269 11
-128 -294 -184 -161
-293 -312 164 -419
-111 393 282 -482
257 62 -429 258
-172 302 459 333
78 420 -397 484
75 367 235 457
6 -141 163 124
-361 121 -257 271
205 71 40 -310
-426 389 477 -328
339 -436 -293 271
-235 -115 -177 -29
-397 415 -454 -253
399 336 -133 -347
154 -241 -430 291
-142 -309 -270 102
-280 -359 288 449
-453 -118 73 297
-239 14 145 194
-320 -23 314 -271
211 -232 -252 293
-439 -107 -27 478
-432 165 5 -234
-173 -206 -421 474
457 -398 177 -438
-177 450 16 -261
-483 27 -293 -24
-389 -363 436 -249
-207 -416 -59 156
-106 485 -420 -407
126 329 -125 -235
-259 293 -445 -220
87 184 272 -414
-259 -313 -174 153
-384 237 268 147
-281 205 -306 -386
-85 -268 -206 342
463 61 335 -159
-270 139 -316 -46
-97 381 469 -309
-339 -5 -462 -62
-246 -222 -84 169
-85 -155 -108 -178
313 206 276 9
10 -448 31 -251
-428 -432 -86 -278
-90 -413 -165 199
377 -227 -59 150
147 38 332 -173
-361 150 -270 69
-37 -71 -173 -455
418 -378 165 37
132 101 -284 -132
-459 424 -19 66
401 63 -79 -311
-406 -71 -400 -253
317 -337 -411 -99
-435 442 -351 -443
145 -246 -208 26
-94 -423 -441 -144
275 -65 -493 152
424 -170 -69 -448
335 -33 -187 126
-421 103 317 303
-282 -463 -27 367
-149 -421 -460 -427
-470 -171 328 -84
324 -50 -317 383
-319 455 0 -196
82 309 314 -264
-426 9 77 -394
106 354 263 323
-374 -230 -28 -130
-473 -496 -35 -376
354 -167 390 365
444 470 418 138
224 -383 237 -309
178 106 58 149
-124 -431 295 -155
-153 262 -114 298
-229 -251 -185 62
-382 -250 -75 -369
467 -68 -427 450
-136 -316 -185 437
316 148 -433 436
-68 -40 -137 224
48 213 -386 421
161 -273 -178 56
296 404 26 47
312 393 19 381
-344 377 -457 -245
-85 183 -390 450
99 -105 -107 -153
-497 36 -15 -384
-434 372 -168 127
-123 485 -61 493
269 429 -76 411
-172 -220 -219 -280
383 428 -53 233
-257 -259 -293 403
105 491 -249 -436
-407 -86 294 114
233 108 -130 368
-293 -446 -40 -13
337 221 100 309
-5 392 -25 380
451 -257 -278 147
349 -292 -41 -466
48 430 22 4
138 126 -8 -154
-166 -350 15 12
-199 497 365 -226
-287 -92 0 187
-151 417 -151 119
5 -250 490 -164
19 441 360 -42
-269 -385 121 -365
109 -195 60 -18
-397 387 -270 -424
149 -324 -275 276
370 -194 494 181
56 309 486 -127
-109 21 -339 55
-329 72 297 -434
405 -19 209 -121
204 243 -265 -161
-354 39 -7 14
